kinematics:
  shoulder:
    x: 0
    y: 0
    z: 0.08908222291512749
    roll: -0
    pitch: 0
    yaw: -4.019222839807838e-05
  upper_arm:
    x: 0.0002106426285080585
    y: 0
    z: 0
    roll: 1.570366839582577
    pitch: 0
    yaw: 4.170074070522014e-05
  forearm:
    x: -0.4245346711001575
    y: 0
    z: 0
    roll: 0.0002669342234943978
    pitch: 0.0002850281317621745
    yaw: 4.118411028599387e-05
  wrist_1:
    x: -0.3915927671902
    y: 0.0005685293830529392
    z: 0.1107229976042442
    roll: 3.136457998649264
    pitch: 3.139679965191397
    yaw: 3.141551453073033
  wrist_2:
    x: -2.88761848246674e-05
    y: -0.09474646855904763
    z: 9.819830366276481e-05
    roll: 1.569759894830783
    pitch: 0
    yaw: -0.000126022682877951
  wrist_3:
    x: 0.0001192375579587692
    y: 0.08238710113518417
    z: 5.421843634149577e-05
    roll: 1.571454420449939
    pitch: 3.141592653589793
    yaw: 3.141513767867271
  hash: calib_16048591151426689611